            IGRF    
g/h n m    2010.0 
g  1  0  -29496.5  
g  1  1   -1585.9  
h  1  1    4945.1  
g  2  0   -2396.6  
g  2  1    3026.0  
h  2  1   -2707.7  
g  2  2    1668.6  
h  2  2    -575.4  
g  3  0    1339.7   
g  3  1   -2326.3   
h  3  1    -160.5   
g  3  2    1231.7  
h  3  2     251.7  
g  3  3     634.2   
h  3  3    -536.8   
g  4  0     912.6   
g  4  1     809.0   
h  4  1     286.4   
g  4  2     166.6   
h  4  2    -211.2   
g  4  3    -357.1   
h  4  3     164.4   
g  4  4      89.7   
h  4  4    -309.2   
g  5  0    -231.1   
g  5  1     357.2   
h  5  1      44.7   
g  5  2     200.3   
h  5  2     188.9   
g  5  3    -141.2   
h  5  3    -118.1    
g  5  4    -163.1    
h  5  4       0.1    
g  5  5      -7.7  
h  5  5    103.85